Ico 20 59 3 1 151 1 
Ico 20 59 3 1 151 1 
Ico 20 59 500 1 151 1 
Hristo 50 12 26 5 353 3 
Ico 18 23 19 5 160 1 
Joro 209 209 4 1 167 1 
123456 40 59 3 2 156 1 
123456 30 59 6 3 170 1 
1111 40 59 3 1 176 1 
Joro 29 59 2 1 168 1 
Ico 20 59 500 1 151 1 
Hristo 50 12 26 5 353 3 
Ico 59 59 2 1 176 1 
Test 40 59 3 1 160 1   
ICoee 40 59 3 1 176 1 
Icoepic 24 119 5 2 167 1 
Ico 60 120 40 150 150 1 
Ico 60 120 40 150 150 1 
Ico 60 120 40 150 150 1 
Ico 60 120 40 150 150 1 
Ico 60 120 40 150 150 1 
Ico 60 120 40 150 150 1 
Ico 60 120 40 150 150 1 
Ico 60 120 40 150 150 1 
Ico 60 120 40 150 150 1 
Ico 60 120 40 150 150 1 
Ico 60 120 40 150 150 1 
Ico 60 120 40 150 150 1 
Ico 60 120 40 150 150 1 
Ico 60 120 40 150 150 1 
Ico 60 120 40 150 150 1 
Ico 60 120 40 150 150 1 
Ico 60 120 40 150 150 1 
Ico 60 120 40 150 150 1 
Ico 60 120 40 150 150 1 
Ico 60 120 40 150 150 1 
Ico 60 120 40 150 150 1 
Ico 60 120 40 150 150 1 
Ico 60 120 40 150 150 1 
Ico 60 120 40 150 150 1 
Ico 60 120 40 150 150 1 
Ico 60 120 40 150 150 1 
Ico 60 120 40 150 150 1 
Ico 60 120 40 150 150 1 
Ico 60 120 40 150 150 1 
Ico 60 120 40 150 150 1 
Ico 60 120 40 150 150 1 
Ico 60 120 40 150 150 1 
Ico 60 120 40 150 150 1 
Ico 60 120 40 150 150 1 
Ico 60 120 40 150 150 1 
Ico 60 120 40 150 150 1 
Ico 60 120 40 150 150 1 
Ico 60 120 40 150 150 1 
Ico 60 120 40 150 150 1 
Ico 60 120 40 150 150 1 
Ico 60 120 40 150 150 1 
Ico 60 120 40 150 150 1 
Ico 60 120 40 150 150 1 
Ico 60 120 40 150 150 1 
Ico 60 120 40 150 150 1 
Ico 60 120 40 150 150 1 
